4
17
0 1000 4
1000 3000 3
3000 5000 2
5000 6000 4
6000 8000 1
8000 10000 0
10000 11000 4
11000 13000 3
13000 15000 0
15000 16000 4
16000 18000 2
18000 20000 0
20000 21000 4
21000 23000 3
23000 25000 0
25000 26000 4
26000 30000 0
17
0 1000 4
1000 3000 3
3000 5000 2
5000 7000 1
7000 9000 0
9000 10000 4
10000 11000 4
11000 13000 3
13000 15000 0
15000 16000 4
16000 18000 2
18000 20000 0
20000 21000 4
21000 23000 3
23000 25000 0
25000 26000 4
26000 30000 0
6
4000 5000 1000
7000 8000 1000
13000 14000 1000
14000 15000 1000
19000 20000 1000
22000 23000 1000
3
2000 1000
23000 1000
25000 1000
