4
28
0 2000 1
2000 6000 2
6000 8000 3
8000 9000 4
9000 10000 0
10000 12000 1
12000 20000 0
20000 22000 1
22000 26000 2
26000 30000 0
30000 32000 1
32000 40000 0
40000 42000 1
42000 46000 2
46000 50000 0
50000 52000 1
52000 54000 2
54000 60000 0
60000 62000 1
62000 66000 2
66000 70000 0
70000 72000 1
72000 80000 0
80000 82000 1
82000 86000 2
86000 90000 0
90000 92000 1
92000 100000 0
27
0 2000 1
2000 6000 2
6000 8000 3
8000 9000 4
9000 18000 0
18000 20000 1
20000 22000 1
22000 26000 2
26000 30000 0
30000 32000 1
32000 40000 0
40000 42000 1
42000 46000 2
46000 50000 0
50000 52000 1
52000 54000 2
54000 60000 0
60000 62000 1
62000 66000 2
66000 70000 0
70000 72000 1
72000 80000 0
80000 82000 1
82000 86000 2
86000 90000 0
90000 92000 1
92000 100000 0
0
0