4
24
0 1000 1
1000 3000 4
3000 4000 3
4000 5000 2
5000 6000 1
6000 8000 4
8000 9000 3
9000 10000 0
10000 11000 1
11000 12000 2
12000 14000 4
14000 15000 0
15000 16000 1
16000 17000 3
17000 18000 0
18000 20000 4
20000 21000 1
21000 22000 2
22000 22500 0
22500 23500 3
23500 24000 0
24000 26000 4
26000 27000 1
27000 30000 0
20
0 2000 4
2000 3000 1
3000 4000 3
4000 5000 2
5000 9000 0
9000 10000 1
10000 12000 4
12000 13000 1
13000 14000 3
14000 16000 4
16000 17000 2
17000 18000 1
18000 19000 3
19000 21000 4
21000 22000 2
22000 23000 1
23000 24000 3
24000 26000 4
26000 27000 1
27000 30000 0
0
0